from_stop_id,to_stop_id,transfer_type,min_transfer_time
8301645,8301700,2,1500
8301700,8301645,2,1500
8501118,8530749,2,180
8501120,8592050,2,300
8501160,8592133,2,360
8501181,8591818,2,180
8501405,8501561,2,900
8501421,8501463,2,600
8501422,8501462,2,300
8501422,8501726,2,360
8501462,8501422,2,300
8501463,8501421,2,600
8501561,8501405,2,900
8501609,8515296,2,420
8501689,8501690,2,300
8501690,8501689,2,300
8501726,8501422,2,360
8502102,8502194,2,240
8502194,8502102,2,240
8503239,8503240,2,360
8503240,8503239,2,360
8503310,8503340,2,360
8503340,8503310,2,360
8504139,8504182,2,720
8504182,8504139,2,720
8504222,8504480,2,600
8504480,8504222,2,600
8505004,8505063,2,300
8505063,8505004,2,300
8505163,8530612,2,300
8505226,8507376,2,600
8505300,8505391,2,240
8505391,8505300,2,240
8505400,8505470,2,240
8505470,8505400,2,240
8507376,8505226,2,600
8508001,8508057,2,240
8508057,8508001,2,240
8508305,8508350,2,180
8508317,8508458,2,420
8508350,8508305,2,300
8508395,8530800,2,360
8508458,8508317,2,420
8509254,8509351,2,360
8509351,8509254,2,360
8515296,8501609,2,420
8516174,8517142,2,300
8517142,8516174,2,300
8530612,8505163,2,300
8530749,8501118,2,180
8530800,8508395,2,360
8590442,8591818,2,480
8591818,8501181,2,180
8591818,8590442,2,600
8592050,8501120,2,300
8592050,8592052,2,300
8592052,8592050,2,300
8592133,8501160,2,360
8711300,8727100,2,1800
8711300,8754700,2,2400
8711300,8768600,2,3600
8711300,8768666,2,3900
8718440,8730082,2,300
8722326,8728600,2,1200
8727100,8711300,2,1800
8727100,8754700,2,3600
8727100,8768600,2,2400
8727100,8768666,2,4500
8728600,8722326,2,1200
8730082,8718440,2,300
8754700,8711300,2,3600
8754700,8727100,2,3600
8754700,8768600,2,2400
8754700,8768666,2,3600
8768600,8711300,2,3600
8768600,8727100,2,2400
8768600,8754700,2,2400
8768600,8768666,2,1200
8768666,8711300,2,3600
8768666,8727100,2,4500
8768666,8754700,2,3600
8768666,8768600,2,1200
8774407,8774647,2,300
8774647,8774407,2,300
0000132,0000132,3,
0000133,0000133,3,
0000134,0000134,3,
0000135,0000135,3,
0000136,0000136,3,
0000137,0000137,3,
0000138,0000138,3,
0000139,0000139,3,
0000140,0000140,3,
0000141,0000141,3,
0000142,0000142,3,
0000174,0000174,3,
0000175,0000175,3,
0000176,0000176,3,
0000181,0000181,3,
8014010,8014010,3,
8014547,8014547,3,
8500038,8500038,3,
8500195,8500195,3,
8500272,8500272,3,
8501217,8501217,3,
8501446,8501446,3,
8501447,8501447,3,
8501634,8501634,3,
8502042,8502042,3,
8503131,8503131,3,
8504509,8504509,3,
8505372,8505372,3,
8505373,8505373,3,
8505374,8505374,3,
8508173,8508173,3,
8508193,8508193,3,
8508285,8508285,3,
8508286,8508286,3,
8508287,8508287,3,
8508449,8508449,3,
8516353,8516353,3,
8517131,8517131,3,
8517485,8517485,3,
8517527,8517527,3,
8518100,8518100,3,
8518400,8518400,3,
8518690,8518690,3,
8519153,8519153,3,
8519306,8519306,3,
8530613,8530613,3,
8530614,8530614,3,
8530760,8530760,3,
8530800,8530800,3,
8530801,8530801,3,
8530858,8530858,3,
8592017,8592017,3,
8592048,8592048,3,
8592052,8592052,3,
8592128,8592128,3,
8593775,8593775,3,
8593776,8593776,3,
8594466,8594466,3,
8717146,8717146,3,
0000132,0000132,2,120
0000133,0000133,2,120
0000134,0000134,2,120
0000135,0000135,2,120
0000136,0000136,2,120
0000137,0000137,2,120
0000138,0000138,2,120
0000139,0000139,2,120
0000140,0000140,2,120
0000141,0000141,2,120
0000142,0000142,2,120
0000174,0000174,2,120
0000175,0000175,2,120
0000176,0000176,2,120
0000181,0000181,2,120
1402625,1402625,2,120
5457076,5457076,2,480
5510017,5510017,2,420
5613206,5613206,2,300
8001093,8001093,2,300
8002301,8002301,2,240
8002370,8002370,2,300
8002371,8002371,2,180
8002373,8002373,2,300
8002374,8002374,2,300
8002375,8002375,2,300
8003005,8003005,2,420
8004235,8004235,2,60
8010053,8010053,2,420
8011065,8011065,2,360
8011068,8011068,2,480
8013050,8013050,2,420
8013176,8013176,2,300
8013552,8013552,2,480
8014008,8014008,2,300
8014010,8014010,2,120
8014181,8014181,2,300
8014228,8014228,2,360
8014235,8014235,2,300
8014236,8014236,2,240
8014237,8014237,2,300
8014238,8014238,2,300
8014239,8014239,2,120
8014240,8014240,2,300
8014241,8014241,2,300
8014245,8014245,2,180
8014277,8014277,2,240
8014281,8014281,2,120
8014283,8014283,2,180
8014288,8014288,2,300
8014289,8014289,2,240
8014309,8014309,2,240
8014318,8014318,2,300
8014319,8014319,2,180
8014324,8014324,2,300
8014325,8014325,2,180
8014326,8014326,2,300
8014327,8014327,2,300
8014328,8014328,2,180
8014329,8014329,2,300
8014330,8014330,2,300
8014331,8014331,2,300
8014332,8014332,2,300
8014335,8014335,2,240
8014347,8014347,2,300
8014348,8014348,2,300
8014349,8014349,2,300
8014350,8014350,2,240
8014404,8014404,2,300
8014405,8014405,2,300
8014406,8014406,2,300
8014407,8014407,2,300
8014408,8014408,2,180
8014410,8014410,2,300
8014411,8014411,2,300
8014413,8014413,2,240
8014416,8014416,2,300
8014417,8014417,2,300
8014418,8014418,2,300
8014419,8014419,2,300
8014420,8014420,2,300
8014421,8014421,2,300
8014422,8014422,2,300
8014423,8014423,2,300
8014424,8014424,2,300
8014428,8014428,2,240
8014429,8014429,2,300
8014439,8014439,2,300
8014440,8014440,2,300
8014441,8014441,2,180
8014443,8014443,2,300
8014444,8014444,2,300
8014445,8014445,2,300
8014446,8014446,2,300
8014447,8014447,2,300
8014448,8014448,2,300
8014449,8014449,2,300
8014450,8014450,2,300
8014458,8014458,2,300
8014459,8014459,2,300
8014460,8014460,2,300
8014462,8014462,2,180
8014463,8014463,2,300
8014464,8014464,2,300
8014465,8014465,2,300
8014466,8014466,2,300
8014467,8014467,2,300
8014468,8014468,2,300
8014469,8014469,2,300
8014471,8014471,2,300
8014474,8014474,2,240
8014478,8014478,2,300
8014479,8014479,2,240
8014480,8014480,2,300
8014481,8014481,2,180
8014490,8014490,2,300
8014491,8014491,2,300
8014492,8014492,2,300
8014513,8014513,2,300
8014518,8014518,2,300
8014521,8014521,2,180
8014526,8014526,2,300
8014529,8014529,2,180
8014533,8014533,2,300
8014534,8014534,2,240
8014541,8014541,2,300
8014545,8014545,2,300
8014546,8014546,2,300
8014547,8014547,2,300
8014554,8014554,2,180
8014555,8014555,2,300
8014556,8014556,2,300
8014558,8014558,2,180
8014570,8014570,2,300
8014571,8014571,2,180
8014580,8014580,2,300
8014581,8014581,2,300
8014582,8014582,2,300
8014583,8014583,2,300
8014584,8014584,2,300
8014586,8014586,2,180
8014597,8014597,2,300
8014599,8014599,2,300
8014601,8014601,2,300
8014607,8014607,2,300
8014616,8014616,2,300
8014624,8014624,2,300
8014625,8014625,2,300
8015485,8015485,2,360
8015577,8015577,2,300
8020347,8020347,2,480
8021703,8021703,2,300
8023179,8023179,2,420
8029012,8029012,2,300
8029034,8029034,2,420
8029055,8029055,2,240
8029060,8029060,2,240
8029066,8029066,2,300
8029086,8029086,2,240
8029103,8029103,2,300
8029112,8029112,2,300
8029115,8029115,2,180
8029126,8029126,2,180
8029148,8029148,2,300
8029149,8029149,2,180
8029153,8029153,2,180
8029156,8029156,2,300
8029159,8029159,2,300
8029162,8029162,2,180
8029163,8029163,2,300
8029165,8029165,2,300
8029166,8029166,2,300
8029167,8029167,2,300
8029168,8029168,2,300
8029170,8029170,2,300
8029180,8029180,2,240
8029184,8029184,2,120
8029186,8029186,2,300
8029189,8029189,2,300
8029227,8029227,2,300
8029228,8029228,2,300
8029230,8029230,2,300
8029232,8029232,2,300
8029233,8029233,2,300
8029234,8029234,2,180
8029235,8029235,2,300
8029236,8029236,2,300
8029238,8029238,2,300
8029240,8029240,2,300
8029241,8029241,2,300
8029243,8029243,2,300
8029246,8029246,2,300
8029249,8029249,2,180
8029250,8029250,2,180
8029253,8029253,2,120
8029254,8029254,2,180
8029258,8029258,2,300
8029259,8029259,2,300
8029260,8029260,2,300
8029261,8029261,2,300
8029262,8029262,2,300
8029263,8029263,2,300
8029299,8029299,2,120
8029309,8029309,2,180
8029318,8029318,2,180
8029321,8029321,2,300
8029322,8029322,2,120
8029323,8029323,2,300
8029324,8029324,2,300
8029325,8029325,2,180
8029326,8029326,2,300
8029335,8029335,2,300
8029338,8029338,2,300
8029339,8029339,2,300
8029340,8029340,2,120
8029341,8029341,2,180
8029343,8029343,2,300
8029344,8029344,2,120
8029345,8029345,2,180
8029346,8029346,2,240
8029348,8029348,2,300
8029350,8029350,2,180
8029351,8029351,2,240
8029353,8029353,2,300
8029355,8029355,2,120
8029367,8029367,2,300
8029383,8029383,2,180
8029394,8029394,2,240
8029396,8029396,2,240
8029398,8029398,2,180
8029399,8029399,2,180
8029411,8029411,2,180
8029429,8029429,2,180
8029433,8029433,2,300
8029434,8029434,2,120
8029436,8029436,2,300
8029441,8029441,2,120
8029525,8029525,2,240
8029549,8029549,2,180
8029697,8029697,2,300
8029698,8029698,2,300
8029699,8029699,2,300
8029700,8029700,2,300
8029701,8029701,2,300
8029702,8029702,2,180
8029705,8029705,2,300
8029706,8029706,2,60
8029707,8029707,2,300
8029708,8029708,2,300
8029709,8029709,2,300
8029710,8029710,2,300
8029711,8029711,2,300
8029712,8029712,2,60
8029713,8029713,2,300
8029714,8029714,2,300
8029715,8029715,2,300
8029716,8029716,2,300
8030446,8030446,2,300
8035252,8035252,2,300
8038379,8038379,2,300
8039116,8039116,2,300
8042302,8042302,2,300
8042303,8042303,2,60
8042304,8042304,2,60
8042305,8042305,2,60
8042306,8042306,2,60
8042307,8042307,2,300
8042800,8042800,2,300
8042801,8042801,2,60
8042802,8042802,2,60
8042803,8042803,2,60
8042804,8042804,2,120
8042805,8042805,2,60
8042806,8042806,2,60
8042807,8042807,2,60
8042808,8042808,2,60
8042809,8042809,2,60
8042810,8042810,2,60
8049101,8049101,2,300
8049102,8049102,2,60
8049103,8049103,2,120
8049104,8049104,2,60
8051202,8051202,2,120
8051203,8051203,2,60
8051204,8051204,2,300
8051228,8051228,2,120
8051247,8051247,2,120
8060978,8060978,2,300
8060979,8060979,2,300
8061773,8061773,2,300
8061774,8061774,2,300
8062343,8062343,2,300
8063365,8063365,2,300
8064617,8064617,2,300
8064618,8064618,2,300
8068634,8068634,2,300
8069220,8069220,2,300
8069221,8069221,2,300
8069224,8069224,2,300
8069228,8069228,2,300
8069229,8069229,2,300
8070406,8070406,2,300
8071992,8071992,2,300
8071993,8071993,2,300
8071996,8071996,2,300
8072023,8072023,2,300
8072025,8072025,2,300
8072031,8072031,2,300
8080100,8080100,2,300
8080251,8080251,2,300
8080295,8080295,2,300
8080296,8080296,2,300
8080297,8080297,2,300
8080306,8080306,2,300
8083840,8083840,2,300
8083846,8083846,2,300
8084736,8084736,2,300
8085022,8085022,2,300
8087021,8087021,2,300
8088493,8088493,2,300
8088494,8088494,2,120
8088502,8088502,2,300
8088503,8088503,2,300
8088504,8088504,2,60
8088575,8088575,2,300
8099982,8099982,2,300
8099985,8099985,2,300
8101003,8101003,2,300
8101114,8101114,2,300
8101134,8101134,2,300
8101137,8101137,2,300
8101170,8101170,2,300
8101187,8101187,2,300
8101204,8101204,2,300
8101212,8101212,2,300
8101222,8101222,2,300
8101230,8101230,2,300
8101231,8101231,2,300
8101232,8101232,2,300
8101233,8101233,2,300
8101234,8101234,2,300
8101235,8101235,2,300
8101236,8101236,2,300
8101237,8101237,2,300
8101238,8101238,2,300
8101239,8101239,2,300
8101240,8101240,2,300
8101242,8101242,2,300
8101243,8101243,2,300
8102184,8102184,2,300
8102335,8102335,2,240
8102336,8102336,2,300
8102338,8102338,2,300
8102339,8102339,2,120
8102351,8102351,2,300
8102352,8102352,2,300
8105481,8105481,2,300
8301003,8301003,2,300
8301030,8301030,2,360
8301031,8301031,2,300
8301039,8301039,2,300
8301113,8301113,2,180
8301116,8301116,2,600
8301117,8301117,2,600
8301118,8301118,2,300
8301140,8301140,2,600
8301141,8301141,2,600
8301142,8301142,2,600
8301143,8301143,2,600
8301144,8301144,2,600
8301145,8301145,2,600
8301203,8301203,2,600
8301204,8301204,2,600
8301205,8301205,2,300
8301206,8301206,2,300
8301307,8301307,2,300
8301312,8301312,2,600
8301313,8301313,2,600
8301315,8301315,2,300
8301316,8301316,2,300
8301318,8301318,2,300
8301320,8301320,2,600
8301321,8301321,2,600
8301322,8301322,2,300
8301325,8301325,2,600
8301326,8301326,2,600
8301645,8301645,2,600
8301700,8301700,2,900
8301717,8301717,2,600
8302088,8302088,2,600
8302430,8302430,2,600
8302446,8302446,2,600
8302581,8302581,2,600
8302589,8302589,2,600
8302593,8302593,2,600
8305043,8305043,2,900
8319371,8319371,2,600
8320005,8320005,2,600
8325432,8325432,2,300
8325631,8325631,2,300
8325635,8325635,2,300
8400058,8400058,2,300
8500010,8500010,2,300
8500016,8500016,2,120
8500020,8500020,2,180
8500021,8500021,2,180
8500022,8500022,2,120
8500023,8500023,2,180
8500024,8500024,2,120
8500025,8500025,2,120
8500026,8500026,2,180
8500027,8500027,2,120
8500028,8500028,2,120
8500031,8500031,2,120
8500032,8500032,2,120
8500033,8500033,2,120
8500034,8500034,2,120
8500035,8500035,2,120
8500037,8500037,2,120
8500038,8500038,2,120
8500090,8500090,2,240
8500100,8500100,2,120
8500101,8500101,2,120
8500102,8500102,2,120
8500103,8500103,2,120
8500104,8500104,2,120
8500105,8500105,2,180
8500109,8500109,2,180
8500113,8500113,2,180
8500114,8500114,2,120
8500115,8500115,2,120
8500116,8500116,2,120
8500117,8500117,2,120
8500118,8500118,2,120
8500119,8500119,2,120
8500120,8500120,2,120
8500121,8500121,2,120
8500122,8500122,2,120
8500123,8500123,2,120
8500124,8500124,2,120
8500125,8500125,2,120
8500126,8500126,2,180
8500127,8500127,2,120
8500128,8500128,2,120
8500135,8500135,2,120
8500136,8500136,2,120
8500141,8500141,2,120
8500144,8500144,2,120
8500159,8500159,2,120
8500162,8500162,2,120
8500164,8500164,2,120
8500165,8500165,2,120
8500167,8500167,2,120
8500169,8500169,2,120
8500170,8500170,2,120
8500171,8500171,2,0
8500172,8500172,2,120
8500173,8500173,2,120
8500174,8500174,2,60
8500175,8500175,2,120
8500176,8500176,2,120
8500177,8500177,2,120
8500178,8500178,2,120
8500179,8500179,2,60
8500180,8500180,2,120
8500181,8500181,2,120
8500184,8500184,2,120
8500186,8500186,2,120
8500187,8500187,2,120
8500188,8500188,2,120
8500190,8500190,2,120
8500191,8500191,2,120
8500192,8500192,2,120
8500194,8500194,2,120
8500195,8500195,2,120
8500196,8500196,2,120
8500199,8500199,2,120
8500200,8500200,2,120
8500201,8500201,2,120
8500202,8500202,2,180
8500203,8500203,2,120
8500204,8500204,2,120
8500205,8500205,2,120
8500206,8500206,2,120
8500207,8500207,2,240
8500208,8500208,2,120
8500209,8500209,2,120
8500210,8500210,2,120
8500211,8500211,2,180
8500212,8500212,2,180
8500213,8500213,2,120
8500214,8500214,2,120
8500215,8500215,2,120
8500216,8500216,2,120
8500217,8500217,2,120
8500218,8500218,2,300
8500220,8500220,2,120
8500221,8500221,2,120
8500261,8500261,2,120
8500262,8500262,2,120
8500263,8500263,2,120
8500264,8500264,2,120
8500272,8500272,2,120
8500273,8500273,2,120
8500274,8500274,2,120
8500275,8500275,2,120
8500280,8500280,2,120
8500283,8500283,2,120
8500285,8500285,2,120
8500286,8500286,2,120
8500287,8500287,2,120
8500288,8500288,2,120
8500289,8500289,2,120
8500292,8500292,2,120
8500293,8500293,2,120
8500294,8500294,2,120
8500300,8500300,2,120
8500301,8500301,2,180
8500302,8500302,2,120
8500303,8500303,2,120
8500304,8500304,2,120
8500305,8500305,2,180
8500309,8500309,2,180
8500313,8500313,2,120
8500320,8500320,2,120
8500322,8500322,2,120
8500329,8500329,2,180
8501000,8501000,2,120
8501001,8501001,2,120
8501002,8501002,2,120
8501003,8501003,2,120
8501006,8501006,2,120
8501007,8501007,2,120
8501008,8501008,2,240
8501011,8501011,2,120
8501012,8501012,2,120
8501013,8501013,2,120
8501014,8501014,2,120
8501015,8501015,2,120
8501020,8501020,2,120
8501021,8501021,2,120
8501022,8501022,2,120
8501023,8501023,2,180
8501026,8501026,2,120
8501030,8501030,2,180
8501031,8501031,2,120
8501033,8501033,2,120
8501035,8501035,2,120
8501036,8501036,2,120
8501037,8501037,2,180
8501042,8501042,2,120
8501045,8501045,2,120
8501047,8501047,2,120
8501048,8501048,2,120
8501053,8501053,2,120
8501054,8501054,2,120
8501055,8501055,2,120
8501056,8501056,2,120
8501057,8501057,2,120
8501058,8501058,2,120
8501059,8501059,2,120
8501060,8501060,2,120
8501061,8501061,2,120
8501062,8501062,2,60
8501063,8501063,2,120
8501064,8501064,2,120
8501065,8501065,2,120
8501066,8501066,2,120
8501067,8501067,2,120
8501068,8501068,2,0
8501069,8501069,2,120
8501080,8501080,2,120
8501081,8501081,2,120
8501082,8501082,2,120
8501083,8501083,2,120
8501084,8501084,2,120
8501085,8501085,2,120
8501087,8501087,2,120
8501088,8501088,2,120
8501089,8501089,2,120
8501090,8501090,2,120
8501091,8501091,2,120
8501092,8501092,2,120
8501093,8501093,2,120
8501094,8501094,2,60
8501095,8501095,2,120
8501096,8501096,2,120
8501097,8501097,2,120
8501098,8501098,2,120
8501099,8501099,2,120
8501100,8501100,2,120
8501103,8501103,2,180
8501104,8501104,2,120
8501105,8501105,2,120
8501106,8501106,2,120
8501107,8501107,2,120
8501108,8501108,2,120
8501110,8501110,2,120
8501111,8501111,2,120
8501112,8501112,2,120
8501113,8501113,2,120
8501114,8501114,2,120
8501115,8501115,2,120
8501116,8501116,2,120
8501117,8501117,2,120
8501118,8501118,2,240
8501120,8501120,2,300
8501121,8501121,2,120
8501122,8501122,2,120
8501123,8501123,2,120
8501124,8501124,2,120
8501125,8501125,2,120
8501126,8501126,2,120
8501127,8501127,2,120
8501151,8501151,2,120
8501152,8501152,2,120
8501153,8501153,2,120
8501154,8501154,2,120
8501155,8501155,2,120
8501156,8501156,2,120
8501157,8501157,2,120
8501159,8501159,2,120
8501160,8501160,2,120
8501162,8501162,2,120
8501163,8501163,2,120
8501164,8501164,2,120
8501165,8501165,2,120
8501166,8501166,2,120
8501168,8501168,2,120
8501169,8501169,2,120
8501170,8501170,2,120
8501171,8501171,2,120
8501172,8501172,2,120
8501173,8501173,2,120
8501174,8501174,2,120
8501175,8501175,2,120
8501176,8501176,2,120
8501177,8501177,2,120
8501178,8501178,2,120
8501179,8501179,2,120
8501181,8501181,2,120
8501191,8501191,2,120
8501194,8501194,2,120
8501198,8501198,2,120
8501199,8501199,2,120
8501200,8501200,2,180
8501201,8501201,2,120
8501202,8501202,2,120
8501203,8501203,2,120
8501207,8501207,2,120
8501208,8501208,2,120
8501209,8501209,2,120
8501210,8501210,2,120
8501211,8501211,2,120
8501212,8501212,2,120
8501213,8501213,2,120
8501214,8501214,2,120
8501215,8501215,2,120
8501216,8501216,2,120
8501217,8501217,2,120
8501218,8501218,2,120
8501229,8501229,2,120
8501230,8501230,2,60
8501262,8501262,2,120
8501263,8501263,2,120
8501264,8501264,2,120
8501265,8501265,2,120
8501266,8501266,2,120
8501280,8501280,2,120
8501281,8501281,2,120
8501282,8501282,2,120
8501283,8501283,2,120
8501284,8501284,2,120
8501285,8501285,2,120
8501286,8501286,2,120
8501287,8501287,2,120
8501288,8501288,2,120
8501300,8501300,2,180
8501301,8501301,2,120
8501302,8501302,2,120
8501303,8501303,2,120
8501304,8501304,2,120
8501306,8501306,2,120
8501308,8501308,2,120
8501357,8501357,2,120
8501360,8501360,2,120
8501361,8501361,2,120
8501362,8501362,2,120
8501363,8501363,2,120
8501364,8501364,2,120
8501365,8501365,2,120
8501366,8501366,2,120
8501367,8501367,2,120
8501368,8501368,2,120
8501369,8501369,2,120
8501370,8501370,2,120
8501371,8501371,2,120
8501374,8501374,2,120
8501375,8501375,2,120
8501376,8501376,2,120
8501377,8501377,2,120
8501378,8501378,2,120
8501379,8501379,2,120
8501380,8501380,2,120
8501381,8501381,2,120
8501382,8501382,2,120
8501383,8501383,2,120
8501384,8501384,2,120
8501385,8501385,2,120
8501386,8501386,2,120
8501387,8501387,2,120
8501388,8501388,2,120
8501390,8501390,2,120
8501391,8501391,2,120
8501392,8501392,2,120
8501393,8501393,2,120
8501394,8501394,2,120
8501395,8501395,2,120
8501396,8501396,2,120
8501397,8501397,2,120
8501398,8501398,2,120
8501399,8501399,2,120
8501400,8501400,2,180
8501402,8501402,2,180
8501403,8501403,2,240
8501404,8501404,2,120
8501405,8501405,2,120
8501420,8501420,2,120
8501421,8501421,2,120
8501422,8501422,2,120
8501423,8501423,2,120
8501424,8501424,2,120
8501425,8501425,2,120
8501426,8501426,2,120
8501428,8501428,2,120
8501446,8501446,2,120
8501447,8501447,2,120
8501448,8501448,2,120
8501452,8501452,2,120
8501453,8501453,2,120
8501454,8501454,2,120
8501457,8501457,2,120
8501458,8501458,2,120
8501460,8501460,2,120
8501461,8501461,2,120
8501462,8501462,2,120
8501463,8501463,2,120
8501464,8501464,2,120
8501465,8501465,2,120
8501466,8501466,2,120
8501468,8501468,2,120
8501470,8501470,2,120
8501471,8501471,2,120
8501472,8501472,2,120
8501473,8501473,2,120
8501474,8501474,2,120
8501475,8501475,2,120
8501476,8501476,2,120
8501477,8501477,2,120
8501479,8501479,2,120
8501480,8501480,2,120
8501481,8501481,2,120
8501482,8501482,2,120
8501483,8501483,2,120
8501484,8501484,2,120
8501485,8501485,2,120
8501487,8501487,2,120
8501488,8501488,2,120
8501490,8501490,2,120
8501491,8501491,2,120
8501492,8501492,2,120
8501493,8501493,2,120
8501494,8501494,2,120
8501495,8501495,2,120
8501497,8501497,2,120
8501498,8501498,2,120
8501499,8501499,2,120
8501500,8501500,2,180
8501501,8501501,2,120
8501502,8501502,2,120
8501503,8501503,2,120
8501504,8501504,2,120
8501505,8501505,2,120
8501506,8501506,2,180
8501507,8501507,2,120
8501509,8501509,2,120
8501510,8501510,2,120
8501552,8501552,2,120
8501554,8501554,2,120
8501561,8501561,2,120
8501562,8501562,2,120
8501563,8501563,2,120
8501564,8501564,2,120
8501565,8501565,2,120
8501566,8501566,2,120
8501568,8501568,2,60
8501572,8501572,2,120
8501573,8501573,2,120
8501575,8501575,2,120
8501576,8501576,2,60
8501577,8501577,2,120
8501578,8501578,2,120
8501579,8501579,2,120
8501580,8501580,2,120
8501600,8501600,2,120
8501601,8501601,2,120
8501602,8501602,2,120
8501603,8501603,2,120
8501604,8501604,2,120
8501605,8501605,2,240
8501609,8501609,2,240
8501634,8501634,2,120
8501635,8501635,2,120
8501636,8501636,2,120
8501661,8501661,2,120
8501662,8501662,2,120
8501663,8501663,2,120
8501664,8501664,2,120
8501665,8501665,2,120
8501666,8501666,2,120
8501667,8501667,2,120
8501668,8501668,2,120
8501669,8501669,2,120
8501670,8501670,2,120
8501671,8501671,2,120
8501672,8501672,2,60
8501673,8501673,2,120
8501674,8501674,2,120
8501675,8501675,2,120
8501676,8501676,2,120
8501677,8501677,2,120
8501679,8501679,2,120
8501683,8501683,2,120
8501684,8501684,2,120
8501685,8501685,2,120
8501686,8501686,2,120
8501687,8501687,2,120
8501688,8501688,2,240
8501689,8501689,2,300
8501690,8501690,2,120
8501691,8501691,2,120
8501692,8501692,2,120
8501693,8501693,2,120
8501694,8501694,2,120
8501725,8501725,2,120
8501726,8501726,2,120
8501727,8501727,2,120
8501729,8501729,2,120
8501950,8501950,2,600
8501951,8501951,2,600
8501952,8501952,2,180
8502000,8502000,2,180
8502001,8502001,2,240
8502002,8502002,2,120
8502003,8502003,2,120
8502004,8502004,2,120
8502005,8502005,2,120
8502006,8502006,2,120
8502007,8502007,2,180
8502008,8502008,2,120
8502009,8502009,2,120
8502010,8502010,2,120
8502011,8502011,2,120
8502012,8502012,2,120
8502017,8502017,2,120
8502019,8502019,2,120
8502020,8502020,2,120
8502021,8502021,2,120
8502022,8502022,2,120
8502023,8502023,2,120
8502024,8502024,2,120
8502025,8502025,2,120
8502026,8502026,2,120
8502027,8502027,2,120
8502028,8502028,2,180
8502029,8502029,2,120
8502030,8502030,2,120
8502031,8502031,2,120
8502032,8502032,2,120
8502033,8502033,2,120
8502034,8502034,2,120
8502042,8502042,2,120
8502043,8502043,2,120
8502100,8502100,2,120
8502101,8502101,2,120
8502102,8502102,2,120
8502103,8502103,2,60
8502104,8502104,2,120
8502105,8502105,2,180
8502106,8502106,2,240
8502110,8502110,2,120
8502111,8502111,2,120
8502112,8502112,2,120
8502113,8502113,2,240
8502114,8502114,2,180
8502115,8502115,2,120
8502116,8502116,2,180
8502119,8502119,2,240
8502120,8502120,2,120
8502121,8502121,2,120
8502122,8502122,2,120
8502123,8502123,2,120
8502128,8502128,2,120
8502160,8502160,2,120
8502161,8502161,2,120
8502162,8502162,2,120
8502163,8502163,2,120
8502164,8502164,2,120
8502165,8502165,2,120
8502166,8502166,2,120
8502167,8502167,2,120
8502168,8502168,2,120
8502169,8502169,2,120
8502174,8502174,2,120
8502176,8502176,2,120
8502177,8502177,2,120
8502178,8502178,2,120
8502179,8502179,2,120
8502180,8502180,2,120
8502181,8502181,2,120
8502182,8502182,2,120
8502184,8502184,2,120
8502185,8502185,2,120
8502186,8502186,2,120
8502187,8502187,2,120
8502188,8502188,2,120
8502189,8502189,2,120
8502191,8502191,2,120
8502192,8502192,2,120
8502194,8502194,2,120
8502195,8502195,2,120
8502196,8502196,2,120
8502197,8502197,2,120
8502199,8502199,2,120
8502200,8502200,2,120
8502201,8502201,2,120
8502202,8502202,2,180
8502203,8502203,2,120
8502204,8502204,2,240
8502205,8502205,2,120
8502206,8502206,2,180
8502208,8502208,2,120
8502209,8502209,2,120
8502211,8502211,2,120
8502212,8502212,2,120
8502213,8502213,2,120
8502214,8502214,2,120
8502215,8502215,2,120
8502216,8502216,2,120
8502217,8502217,2,120
8502218,8502218,2,120
8502219,8502219,2,120
8502220,8502220,2,120
8502221,8502221,2,120
8502222,8502222,2,120
8502223,8502223,2,120
8502224,8502224,2,120
8502225,8502225,2,120
8502226,8502226,2,120
8502227,8502227,2,120
8502229,8502229,2,120
8502230,8502230,2,120
8502231,8502231,2,120
8502237,8502237,2,120
8502247,8502247,2,120
8502248,8502248,2,120
8502268,8502268,2,120
8502269,8502269,2,120
8502270,8502270,2,120
8502271,8502271,2,120
8502272,8502272,2,120
8502273,8502273,2,120
8502274,8502274,2,120
8502275,8502275,2,120
8502276,8502276,2,60
8502277,8502277,2,120
8502278,8502278,2,60
8502300,8502300,2,120
8502306,8502306,2,120
8502476,8502476,2,120
8503000,8503000,2,420
8503001,8503001,2,180
8503003,8503003,2,240
8503004,8503004,2,180
8503006,8503006,2,180
8503007,8503007,2,120
8503008,8503008,2,120
8503009,8503009,2,120
8503010,8503010,2,180
8503011,8503011,2,180
8503015,8503015,2,120
8503016,8503016,2,300
8503020,8503020,2,180
8503051,8503051,2,120
8503052,8503052,2,120
8503053,8503053,2,120
8503054,8503054,2,120
8503055,8503055,2,120
8503056,8503056,2,120
8503057,8503057,2,120
8503086,8503086,2,120
8503087,8503087,2,120
8503089,8503089,2,120
8503090,8503090,2,120
8503091,8503091,2,120
8503093,8503093,2,120
8503094,8503094,2,120
8503095,8503095,2,120
8503096,8503096,2,120
8503097,8503097,2,120
8503098,8503098,2,120
8503099,8503099,2,120
8503100,8503100,2,120
8503101,8503101,2,120
8503102,8503102,2,120
8503103,8503103,2,120
8503104,8503104,2,120
8503105,8503105,2,180
8503106,8503106,2,120
8503107,8503107,2,120
8503108,8503108,2,120
8503109,8503109,2,120
8503110,8503110,2,180
8503111,8503111,2,120
8503112,8503112,2,120
8503113,8503113,2,120
8503115,8503115,2,120
8503116,8503116,2,180
8503117,8503117,2,120
8503118,8503118,2,120
8503119,8503119,2,120
8503120,8503120,2,120
8503121,8503121,2,120
8503122,8503122,2,120
8503123,8503123,2,120
8503124,8503124,2,120
8503125,8503125,2,180
8503126,8503126,2,120
8503127,8503127,2,120
8503128,8503128,2,120
8503129,8503129,2,180
8503130,8503130,2,120
8503131,8503131,2,120
8503132,8503132,2,120
8503133,8503133,2,120
8503134,8503134,2,120
8503135,8503135,2,120
8503136,8503136,2,120
8503137,8503137,2,120
8503138,8503138,2,120
8503139,8503139,2,120
8503141,8503141,2,120
8503147,8503147,2,120
8503200,8503200,2,120
8503201,8503201,2,120
8503202,8503202,2,180
8503203,8503203,2,120
8503204,8503204,2,300
8503205,8503205,2,120
8503206,8503206,2,180
8503207,8503207,2,120
8503208,8503208,2,120
8503209,8503209,2,180
8503210,8503210,2,120
8503211,8503211,2,120
8503220,8503220,2,120
8503221,8503221,2,120
8503222,8503222,2,120
8503223,8503223,2,120
8503224,8503224,2,120
8503225,8503225,2,180
8503226,8503226,2,120
8503227,8503227,2,120
8503228,8503228,2,120
8503230,8503230,2,120
8503231,8503231,2,120
8503232,8503232,2,120
8503233,8503233,2,120
8503234,8503234,2,120
8503235,8503235,2,120
8503236,8503236,2,120
8503237,8503237,2,120
8503238,8503238,2,120
8503239,8503239,2,120
8503240,8503240,2,120
8503280,8503280,2,120
8503282,8503282,2,120
8503283,8503283,2,120
8503284,8503284,2,120
8503285,8503285,2,120
8503286,8503286,2,60
8503287,8503287,2,120
8503288,8503288,2,120
8503289,8503289,2,120
8503290,8503290,2,120
8503292,8503292,2,120
8503293,8503293,2,120
8503294,8503294,2,120
8503295,8503295,2,120
8503299,8503299,2,120
8503300,8503300,2,120
8503301,8503301,2,120
8503302,8503302,2,120
8503303,8503303,2,120
8503304,8503304,2,120
8503305,8503305,2,120
8503306,8503306,2,180
8503307,8503307,2,180
8503308,8503308,2,180
8503309,8503309,2,180
8503310,8503310,2,180
8503311,8503311,2,180
8503312,8503312,2,180
8503313,8503313,2,120
8503314,8503314,2,120
8503315,8503315,2,120
8503316,8503316,2,120
8503317,8503317,2,120
8503318,8503318,2,120
8503319,8503319,2,120
8503340,8503340,2,180
8503400,8503400,2,180
8503401,8503401,2,120
8503402,8503402,2,120
8503403,8503403,2,120
8503404,8503404,2,120
8503405,8503405,2,120
8503408,8503408,2,120
8503409,8503409,2,120
8503410,8503410,2,120
8503411,8503411,2,120
8503413,8503413,2,120
8503414,8503414,2,120
8503415,8503415,2,120
8503420,8503420,2,120
8503421,8503421,2,120
8503423,8503423,2,300
8503424,8503424,2,180
8503425,8503425,2,120
8503426,8503426,2,120
8503427,8503427,2,120
8503428,8503428,2,120
8503429,8503429,2,120
8503462,8503462,2,120
8503463,8503463,2,300
8503464,8503464,2,300
8503465,8503465,2,300
8503466,8503466,2,120
8503467,8503467,2,300
8503501,8503501,2,120
8503502,8503502,2,120
8503503,8503503,2,180
8503504,8503504,2,180
8503505,8503505,2,180
8503506,8503506,2,180
8503508,8503508,2,180
8503509,8503509,2,180
8503511,8503511,2,120
8503512,8503512,2,180
8503525,8503525,2,120
8503526,8503526,2,120
8503527,8503527,2,120
8503528,8503528,2,120
8503529,8503529,2,120
8504000,8504000,2,120
8504003,8504003,2,120
8504007,8504007,2,120
8504010,8504010,2,120
8504011,8504011,2,120
8504012,8504012,2,120
8504013,8504013,2,120
8504014,8504014,2,180
8504016,8504016,2,120
8504017,8504017,2,120
8504018,8504018,2,120
8504020,8504020,2,120
8504021,8504021,2,120
8504023,8504023,2,180
8504024,8504024,2,120
8504025,8504025,2,120
8504026,8504026,2,120
8504027,8504027,2,120
8504028,8504028,2,120
8504030,8504030,2,120
8504040,8504040,2,120
8504060,8504060,2,120
8504061,8504061,2,120
8504062,8504062,2,120
8504063,8504063,2,60
8504064,8504064,2,120
8504065,8504065,2,60
8504066,8504066,2,120
8504067,8504067,2,120
8504070,8504070,2,120
8504071,8504071,2,120
8504072,8504072,2,120
8504073,8504073,2,120
8504074,8504074,2,120
8504075,8504075,2,120
8504077,8504077,2,120
8504078,8504078,2,120
8504079,8504079,2,120
8504086,8504086,2,180
8504088,8504088,2,120
8504089,8504089,2,120
8504100,8504100,2,240
8504101,8504101,2,120
8504102,8504102,2,120
8504103,8504103,2,180
8504104,8504104,2,120
8504105,8504105,2,120
8504106,8504106,2,120
8504108,8504108,2,240
8504113,8504113,2,120
8504115,8504115,2,120
8504117,8504117,2,120
8504120,8504120,2,120
8504121,8504121,2,120
8504122,8504122,2,120
8504123,8504123,2,120
8504124,8504124,2,120
8504125,8504125,2,120
8504126,8504126,2,120
8504127,8504127,2,120
8504128,8504128,2,180
8504129,8504129,2,120
8504130,8504130,2,120
8504131,8504131,2,120
8504132,8504132,2,120
8504133,8504133,2,120
8504134,8504134,2,120
8504135,8504135,2,120
8504136,8504136,2,120
8504137,8504137,2,120
8504138,8504138,2,120
8504139,8504139,2,120
8504140,8504140,2,120
8504141,8504141,2,120
8504181,8504181,2,120
8504182,8504182,2,120
8504183,8504183,2,120
8504184,8504184,2,120
8504185,8504185,2,120
8504186,8504186,2,120
8504188,8504188,2,120
8504191,8504191,2,120
8504192,8504192,2,120
8504194,8504194,2,120
8504200,8504200,2,240
8504201,8504201,2,120
8504203,8504203,2,120
8504205,8504205,2,120
8504206,8504206,2,120
8504208,8504208,2,120
8504209,8504209,2,120
8504215,8504215,2,120
8504216,8504216,2,120
8504217,8504217,2,120
8504218,8504218,2,120
8504219,8504219,2,120
8504220,8504220,2,120
8504221,8504221,2,240
8504222,8504222,2,120
8504223,8504223,2,120
8504224,8504224,2,120
8504225,8504225,2,120
8504226,8504226,2,120
8504228,8504228,2,120
8504229,8504229,2,120
8504231,8504231,2,120
8504232,8504232,2,120
8504234,8504234,2,120
8504236,8504236,2,120
8504237,8504237,2,120
8504284,8504284,2,120
8504285,8504285,2,120
8504286,8504286,2,120
8504287,8504287,2,120
8504288,8504288,2,120
8504291,8504291,2,120
8504292,8504292,2,120
8504293,8504293,2,120
8504294,8504294,2,120
8504295,8504295,2,120
8504296,8504296,2,120
8504298,8504298,2,120
8504300,8504300,2,240
8504301,8504301,2,120
8504302,8504302,2,120
8504303,8504303,2,120
8504304,8504304,2,120
8504305,8504305,2,120
8504306,8504306,2,120
8504307,8504307,2,180
8504308,8504308,2,120
8504309,8504309,2,120
8504310,8504310,2,120
8504311,8504311,2,120
8504312,8504312,2,120
8504314,8504314,2,180
8504315,8504315,2,120
8504316,8504316,2,120
8504317,8504317,2,120
8504321,8504321,2,120
8504325,8504325,2,120
8504381,8504381,2,120
8504382,8504382,2,120
8504383,8504383,2,120
8504384,8504384,2,120
8504385,8504385,2,120
8504386,8504386,2,120
8504387,8504387,2,120
8504388,8504388,2,120
8504391,8504391,2,120
8504392,8504392,2,60
8504398,8504398,2,120
8504400,8504400,2,240
8504401,8504401,2,120
8504402,8504402,2,120
8504403,8504403,2,120
8504404,8504404,2,120
8504410,8504410,2,120
8504411,8504411,2,120
8504412,8504412,2,120
8504413,8504413,2,120
8504414,8504414,2,180
8504415,8504415,2,180
8504416,8504416,2,120
8504419,8504419,2,120
8504441,8504441,2,120
8504461,8504461,2,120
8504462,8504462,2,120
8504463,8504463,2,120
8504464,8504464,2,120
8504465,8504465,2,120
8504466,8504466,2,120
8504467,8504467,2,120
8504468,8504468,2,120
8504469,8504469,2,120
8504470,8504470,2,120
8504471,8504471,2,120
8504472,8504472,2,120
8504474,8504474,2,120
8504475,8504475,2,120
8504480,8504480,2,120
8504481,8504481,2,120
8504482,8504482,2,120
8504483,8504483,2,180
8504484,8504484,2,120
8504486,8504486,2,120
8504487,8504487,2,120
8504488,8504488,2,120
8504489,8504489,2,120
8504490,8504490,2,120
8504495,8504495,2,120
8504509,8504509,2,120
8504510,8504510,2,120
8504511,8504511,2,120
8505000,8505000,2,300
8505001,8505001,2,120
8505002,8505002,2,120
8505003,8505003,2,120
8505004,8505004,2,240
8505005,8505005,2,120
8505006,8505006,2,120
8505007,8505007,2,120
8505011,8505011,2,120
8505018,8505018,2,120
8505062,8505062,2,120
8505063,8505063,2,120
8505064,8505064,2,120
8505065,8505065,2,120
8505066,8505066,2,120
8505067,8505067,2,120
8505068,8505068,2,60
8505069,8505069,2,120
8505071,8505071,2,120
8505072,8505072,2,120
8505073,8505073,2,120
8505074,8505074,2,120
8505075,8505075,2,120
8505079,8505079,2,120
8505111,8505111,2,120
8505112,8505112,2,60
8505113,8505113,2,240
8505114,8505114,2,120
8505119,8505119,2,120
8505163,8505163,2,120
8505164,8505164,2,120
8505165,8505165,2,120
8505170,8505170,2,120
8505172,8505172,2,120
8505173,8505173,2,120
8505174,8505174,2,60
8505175,8505175,2,120
8505176,8505176,2,120
8505177,8505177,2,120
8505178,8505178,2,120
8505179,8505179,2,120
8505180,8505180,2,120
8505201,8505201,2,120
8505202,8505202,2,120
8505204,8505204,2,120
8505205,8505205,2,120
8505207,8505207,2,120
8505209,8505209,2,180
8505212,8505212,2,120
8505213,8505213,2,240
8505214,8505214,2,240
8505216,8505216,2,120
8505217,8505217,2,120
8505218,8505218,2,120
8505219,8505219,2,120
8505226,8505226,2,600
8505300,8505300,2,240
8505301,8505301,2,120
8505302,8505302,2,120
8505303,8505303,2,120
8505304,8505304,2,120
8505305,8505305,2,180
8505306,8505306,2,120
8505307,8505307,2,300
8505350,8505350,2,120
8505372,8505372,2,120
8505373,8505373,2,120
8505374,8505374,2,120
8505390,8505390,2,120
8505391,8505391,2,120
8505392,8505392,2,120
8505393,8505393,2,0
8505394,8505394,2,120
8505395,8505395,2,120
8505396,8505396,2,120
8505397,8505397,2,120
8505398,8505398,2,120
8505399,8505399,2,120
8505400,8505400,2,120
8505401,8505401,2,120
8505402,8505402,2,120
8505404,8505404,2,180
8505405,8505405,2,120
8505406,8505406,2,120
8505407,8505407,2,120
8505408,8505408,2,120
8505410,8505410,2,120
8505412,8505412,2,120
8505415,8505415,2,120
8505417,8505417,2,120
8505467,8505467,2,120
8505470,8505470,2,120
8505471,8505471,2,120
8505472,8505472,2,120
8505473,8505473,2,120
8505491,8505491,2,120
8505492,8505492,2,120
8505493,8505493,2,120
8505494,8505494,2,120
8505495,8505495,2,120
8505496,8505496,2,120
8505497,8505497,2,120
8505499,8505499,2,60
8505578,8505578,2,120
8505580,8505580,2,120
8505581,8505581,2,120
8505584,8505584,2,120
8505585,8505585,2,120
8505588,8505588,2,120
8505589,8505589,2,120
8505590,8505590,2,120
8505593,8505593,2,120
8505594,8505594,2,120
8505597,8505597,2,120
8505599,8505599,2,120
8505861,8505861,2,600
8505862,8505862,2,300
8505874,8505874,2,600
8506000,8506000,2,180
8506001,8506001,2,120
8506002,8506002,2,120
8506003,8506003,2,120
8506004,8506004,2,120
8506005,8506005,2,120
8506006,8506006,2,120
8506007,8506007,2,120
8506008,8506008,2,120
8506009,8506009,2,120
8506010,8506010,2,120
8506011,8506011,2,120
8506012,8506012,2,120
8506013,8506013,2,120
8506014,8506014,2,120
8506015,8506015,2,120
8506016,8506016,2,120
8506017,8506017,2,120
8506018,8506018,2,120
8506019,8506019,2,120
8506020,8506020,2,120
8506021,8506021,2,120
8506022,8506022,2,120
8506023,8506023,2,120
8506024,8506024,2,120
8506025,8506025,2,180
8506035,8506035,2,120
8506036,8506036,2,120
8506038,8506038,2,120
8506039,8506039,2,120
8506041,8506041,2,120
8506042,8506042,2,120
8506043,8506043,2,120
8506044,8506044,2,120
8506045,8506045,2,120
8506046,8506046,2,120
8506047,8506047,2,120
8506048,8506048,2,120
8506049,8506049,2,120
8506100,8506100,2,180
8506101,8506101,2,120
8506102,8506102,2,120
8506103,8506103,2,120
8506104,8506104,2,120
8506105,8506105,2,180
8506106,8506106,2,120
8506107,8506107,2,120
8506108,8506108,2,120
8506109,8506109,2,120
8506118,8506118,2,120
8506119,8506119,2,120
8506121,8506121,2,180
8506122,8506122,2,120
8506123,8506123,2,120
8506124,8506124,2,120
8506125,8506125,2,120
8506126,8506126,2,120
8506127,8506127,2,120
8506128,8506128,2,180
8506131,8506131,2,180
8506132,8506132,2,120
8506133,8506133,2,120
8506134,8506134,2,120
8506135,8506135,2,120
8506136,8506136,2,120
8506137,8506137,2,120
8506138,8506138,2,120
8506139,8506139,2,120
8506143,8506143,2,120
8506148,8506148,2,120
8506168,8506168,2,120
8506169,8506169,2,120
8506170,8506170,2,120
8506171,8506171,2,120
8506173,8506173,2,120
8506174,8506174,2,120
8506175,8506175,2,120
8506176,8506176,2,120
8506177,8506177,2,120
8506178,8506178,2,120
8506179,8506179,2,120
8506181,8506181,2,120
8506182,8506182,2,120
8506183,8506183,2,120
8506184,8506184,2,120
8506185,8506185,2,120
8506188,8506188,2,120
8506190,8506190,2,120
8506193,8506193,2,120
8506194,8506194,2,120
8506195,8506195,2,120
8506196,8506196,2,120
8506197,8506197,2,120
8506198,8506198,2,120
8506200,8506200,2,120
8506201,8506201,2,120
8506202,8506202,2,120
8506203,8506203,2,120
8506204,8506204,2,120
8506205,8506205,2,120
8506206,8506206,2,180
8506208,8506208,2,120
8506209,8506209,2,120
8506210,8506210,2,180
8506211,8506211,2,120
8506212,8506212,2,120
8506213,8506213,2,120
8506214,8506214,2,120
8506215,8506215,2,120
8506216,8506216,2,120
8506217,8506217,2,120
8506270,8506270,2,120
8506271,8506271,2,120
8506275,8506275,2,120
8506276,8506276,2,120
8506277,8506277,2,120
8506278,8506278,2,120
8506280,8506280,2,120
8506281,8506281,2,120
8506282,8506282,2,120
8506283,8506283,2,120
8506284,8506284,2,120
8506285,8506285,2,120
8506286,8506286,2,120
8506288,8506288,2,120
8506289,8506289,2,120
8506290,8506290,2,120
8506291,8506291,2,120
8506292,8506292,2,120
8506293,8506293,2,120
8506294,8506294,2,120
8506297,8506297,2,120
8506298,8506298,2,120
8506299,8506299,2,60
8506300,8506300,2,120
8506301,8506301,2,120
8506302,8506302,2,180
8506303,8506303,2,180
8506304,8506304,2,120
8506305,8506305,2,120
8506306,8506306,2,300
8506307,8506307,2,120
8506308,8506308,2,120
8506309,8506309,2,120
8506311,8506311,2,180
8506312,8506312,2,120
8506313,8506313,2,120
8506314,8506314,2,180
8506316,8506316,2,120
8506317,8506317,2,120
8506318,8506318,2,120
8506319,8506319,2,120
8506322,8506322,2,120
8506350,8506350,2,120
8506351,8506351,2,120
8506352,8506352,2,120
8506353,8506353,2,120
8506354,8506354,2,120
8506355,8506355,2,120
8506358,8506358,2,120
8506359,8506359,2,120
8506361,8506361,2,120
8506362,8506362,2,120
8506364,8506364,2,120
8506365,8506365,2,120
8506366,8506366,2,120
8506367,8506367,2,120
8506368,8506368,2,120
8506369,8506369,2,120
8506371,8506371,2,120
8506372,8506372,2,120
8506373,8506373,2,120
8506374,8506374,2,120
8506375,8506375,2,120
8506376,8506376,2,120
8506377,8506377,2,120
8506378,8506378,2,60
8506379,8506379,2,120
8506380,8506380,2,120
8506381,8506381,2,120
8506382,8506382,2,120
8506383,8506383,2,120
8506384,8506384,2,120
8506385,8506385,2,120
8506386,8506386,2,120
8506387,8506387,2,120
8506388,8506388,2,120
8506389,8506389,2,120
8506392,8506392,2,120
8506393,8506393,2,120
8506394,8506394,2,120
8506395,8506395,2,120
8506396,8506396,2,120
8506397,8506397,2,120
8506398,8506398,2,120
8506400,8506400,2,120
8506470,8506470,2,120
8506521,8506521,2,120
8507000,8507000,2,360
8507002,8507002,2,120
8507003,8507003,2,120
8507005,8507005,2,120
8507006,8507006,2,120
8507007,8507007,2,120
8507008,8507008,2,120
8507009,8507009,2,120
8507063,8507063,2,120
8507064,8507064,2,120
8507065,8507065,2,120
8507066,8507066,2,120
8507067,8507067,2,120
8507068,8507068,2,60
8507069,8507069,2,120
8507070,8507070,2,120
8507071,8507071,2,120
8507072,8507072,2,120
8507073,8507073,2,120
8507074,8507074,2,120
8507075,8507075,2,120
8507076,8507076,2,120
8507077,8507077,2,120
8507078,8507078,2,120
8507079,8507079,2,120
8507083,8507083,2,120
8507084,8507084,2,120
8507085,8507085,2,120
8507086,8507086,2,120
8507087,8507087,2,120
8507088,8507088,2,120
8507089,8507089,2,120
8507091,8507091,2,120
8507092,8507092,2,120
8507093,8507093,2,120
8507094,8507094,2,120
8507095,8507095,2,120
8507096,8507096,2,120
8507100,8507100,2,180
8507270,8507270,2,120
8507271,8507271,2,120
8507272,8507272,2,120
8507273,8507273,2,120
8507274,8507274,2,120
8507275,8507275,2,120
8507276,8507276,2,120
8507277,8507277,2,120
8507278,8507278,2,120
8507279,8507279,2,120
8507281,8507281,2,120
8507284,8507284,2,120
8507286,8507286,2,120
8507287,8507287,2,120
8507288,8507288,2,120
8507290,8507290,2,180
8507291,8507291,2,120
8507292,8507292,2,120
8507293,8507293,2,120
8507294,8507294,2,120
8507295,8507295,2,120
8507296,8507296,2,120
8507297,8507297,2,120
8507298,8507298,2,120
8507299,8507299,2,120
8507361,8507361,2,600
8507364,8507364,2,120
8507372,8507372,2,120
8507373,8507373,2,120
8507374,8507374,2,180
8507375,8507375,2,120
8507376,8507376,2,120
8507378,8507378,2,120
8507379,8507379,2,120
8507380,8507380,2,120
8507381,8507381,2,120
8507382,8507382,2,120
8507383,8507383,2,120
8507384,8507384,2,120
8507386,8507386,2,120
8507387,8507387,2,120
8507388,8507388,2,120
8507389,8507389,2,60
8507470,8507470,2,120
8507471,8507471,2,120
8507472,8507472,2,120
8507473,8507473,2,120
8507474,8507474,2,120
8507475,8507475,2,120
8507478,8507478,2,120
8507480,8507480,2,120
8507481,8507481,2,120
8507483,8507483,2,240
8507492,8507492,2,300
8507493,8507493,2,120
8507550,8507550,2,120
8507552,8507552,2,120
8507555,8507555,2,120
8507560,8507560,2,120
8508001,8508001,2,120
8508003,8508003,2,120
8508004,8508004,2,120
8508005,8508005,2,180
8508006,8508006,2,180
8508008,8508008,2,120
8508051,8508051,2,120
8508052,8508052,2,120
8508053,8508053,2,120
8508054,8508054,2,120
8508055,8508055,2,120
8508056,8508056,2,120
8508057,8508057,2,120
8508058,8508058,2,120
8508059,8508059,2,60
8508060,8508060,2,120
8508061,8508061,2,180
8508062,8508062,2,120
8508063,8508063,2,120
8508064,8508064,2,120
8508066,8508066,2,120
8508068,8508068,2,120
8508070,8508070,2,120
8508071,8508071,2,120
8508080,8508080,2,120
8508081,8508081,2,120
8508083,8508083,2,120
8508084,8508084,2,120
8508085,8508085,2,120
8508086,8508086,2,120
8508087,8508087,2,120
8508088,8508088,2,120
8508089,8508089,2,120
8508100,8508100,2,180
8508101,8508101,2,120
8508102,8508102,2,120
8508103,8508103,2,120
8508151,8508151,2,120
8508152,8508152,2,120
8508153,8508153,2,120
8508154,8508154,2,120
8508155,8508155,2,120
8508157,8508157,2,120
8508158,8508158,2,120
8508159,8508159,2,120
8508161,8508161,2,120
8508162,8508162,2,120
8508163,8508163,2,120
8508164,8508164,2,120
8508168,8508168,2,120
8508173,8508173,2,120
8508174,8508174,2,120
8508181,8508181,2,120
8508182,8508182,2,120
8508183,8508183,2,120
8508184,8508184,2,120
8508185,8508185,2,120
8508186,8508186,2,120
8508187,8508187,2,120
8508193,8508193,2,120
8508194,8508194,2,120
8508200,8508200,2,120
8508201,8508201,2,120
8508202,8508202,2,120
8508203,8508203,2,120
8508204,8508204,2,120
8508205,8508205,2,120
8508206,8508206,2,120
8508207,8508207,2,180
8508208,8508208,2,120
8508210,8508210,2,120
8508211,8508211,2,120
8508212,8508212,2,120
8508213,8508213,2,120
8508215,8508215,2,120
8508216,8508216,2,120
8508217,8508217,2,120
8508218,8508218,2,120
8508219,8508219,2,120
8508250,8508250,2,120
8508251,8508251,2,120
8508252,8508252,2,120
8508253,8508253,2,120
8508254,8508254,2,120
8508255,8508255,2,120
8508256,8508256,2,120
8508260,8508260,2,120
8508261,8508261,2,120
8508262,8508262,2,120
8508263,8508263,2,120
8508264,8508264,2,120
8508265,8508265,2,120
8508266,8508266,2,120
8508267,8508267,2,120
8508268,8508268,2,120
8508269,8508269,2,120
8508271,8508271,2,120
8508272,8508272,2,120
8508273,8508273,2,120
8508275,8508275,2,120
8508276,8508276,2,120
8508278,8508278,2,120
8508285,8508285,2,120
8508286,8508286,2,120
8508287,8508287,2,120
8508292,8508292,2,120
8508293,8508293,2,120
8508294,8508294,2,120
8508295,8508295,2,120
8508297,8508297,2,120
8508301,8508301,2,120
8508302,8508302,2,120
8508303,8508303,2,120
8508304,8508304,2,120
8508305,8508305,2,120
8508306,8508306,2,120
8508308,8508308,2,60
8508309,8508309,2,120
8508310,8508310,2,120
8508311,8508311,2,120
8508312,8508312,2,120
8508313,8508313,2,120
8508314,8508314,2,120
8508316,8508316,2,120
8508317,8508317,2,120
8508318,8508318,2,120
8508319,8508319,2,120
8508320,8508320,2,120
8508321,8508321,2,120
8508323,8508323,2,120
8508327,8508327,2,120
8508329,8508329,2,120
8508350,8508350,2,120
8508351,8508351,2,120
8508352,8508352,2,120
8508359,8508359,2,120
8508384,8508384,2,120
8508390,8508390,2,120
8508391,8508391,2,120
8508392,8508392,2,120
8508394,8508394,2,120
8508395,8508395,2,120
8508396,8508396,2,120
8508399,8508399,2,120
8508449,8508449,2,120
8508456,8508456,2,120
8508458,8508458,2,120
8508464,8508464,2,120
8509000,8509000,2,180
8509002,8509002,2,240
8509003,8509003,2,120
8509004,8509004,2,120
8509006,8509006,2,120
8509050,8509050,2,120
8509051,8509051,2,120
8509053,8509053,2,120
8509054,8509054,2,120
8509055,8509055,2,120
8509056,8509056,2,120
8509057,8509057,2,120
8509058,8509058,2,120
8509059,8509059,2,120
8509060,8509060,2,120
8509061,8509061,2,120
8509062,8509062,2,120
8509063,8509063,2,120
8509064,8509064,2,120
8509065,8509065,2,120
8509067,8509067,2,120
8509068,8509068,2,120
8509069,8509069,2,120
8509070,8509070,2,120
8509071,8509071,2,120
8509072,8509072,2,120
8509073,8509073,2,120
8509075,8509075,2,120
8509076,8509076,2,120
8509077,8509077,2,120
8509078,8509078,2,120
8509150,8509150,2,120
8509152,8509152,2,120
8509153,8509153,2,120
8509154,8509154,2,120
8509155,8509155,2,120
8509156,8509156,2,120
8509157,8509157,2,120
8509167,8509167,2,120
8509168,8509168,2,120
8509169,8509169,2,120
8509170,8509170,2,120
8509171,8509171,2,120
8509173,8509173,2,120
8509174,8509174,2,120
8509175,8509175,2,120
8509176,8509176,2,120
8509177,8509177,2,120
8509178,8509178,2,120
8509179,8509179,2,120
8509180,8509180,2,120
8509181,8509181,2,120
8509182,8509182,2,120
8509183,8509183,2,60
8509184,8509184,2,120
8509185,8509185,2,120
8509186,8509186,2,120
8509187,8509187,2,120
8509188,8509188,2,120
8509189,8509189,2,120
8509192,8509192,2,120
8509193,8509193,2,120
8509194,8509194,2,120
8509195,8509195,2,120
8509197,8509197,2,120
8509198,8509198,2,120
8509199,8509199,2,120
8509250,8509250,2,120
8509251,8509251,2,60
8509252,8509252,2,120
8509253,8509253,2,240
8509254,8509254,2,120
8509255,8509255,2,120
8509256,8509256,2,120
8509257,8509257,2,120
8509258,8509258,2,120
8509259,8509259,2,120
8509260,8509260,2,120
8509262,8509262,2,120
8509263,8509263,2,120
8509264,8509264,2,120
8509265,8509265,2,120
8509266,8509266,2,120
8509267,8509267,2,120
8509268,8509268,2,120
8509269,8509269,2,60
8509350,8509350,2,120
8509351,8509351,2,120
8509352,8509352,2,120
8509353,8509353,2,120
8509354,8509354,2,120
8509356,8509356,2,120
8509357,8509357,2,120
8509358,8509358,2,120
8509359,8509359,2,120
8509361,8509361,2,120
8509363,8509363,2,120
8509364,8509364,2,120
8509365,8509365,2,120
8509366,8509366,2,120
8509367,8509367,2,120
8509368,8509368,2,120
8509369,8509369,2,300
8509373,8509373,2,120
8509400,8509400,2,120
8509401,8509401,2,120
8509402,8509402,2,120
8509404,8509404,2,240
8509406,8509406,2,120
8509411,8509411,2,180
8509412,8509412,2,120
8509413,8509413,2,120
8509414,8509414,2,120
8509416,8509416,2,120
8509417,8509417,2,120
8509418,8509418,2,120
8509419,8509419,2,120
8510456,8510456,2,120
8510470,8510470,2,120
8510670,8510670,2,120
8512191,8512191,2,120
8515296,8515296,2,120
8515992,8515992,2,120
8515993,8515993,2,120
8515994,8515994,2,120
8515995,8515995,2,120
8515996,8515996,2,120
8515997,8515997,2,120
8516154,8516154,2,180
8516155,8516155,2,120
8516161,8516161,2,300
8516174,8516174,2,120
8516176,8516176,2,120
8516187,8516187,2,120
8516218,8516218,2,120
8516219,8516219,2,120
8516270,8516270,2,120
8516271,8516271,2,120
8516272,8516272,2,120
8516273,8516273,2,120
8516274,8516274,2,120
8516283,8516283,2,120
8516350,8516350,2,120
8516351,8516351,2,120
8516353,8516353,2,120
8516354,8516354,2,120
8516444,8516444,2,120
8516450,8516450,2,120
8517112,8517112,2,120
8517131,8517131,2,120
8517142,8517142,2,120
8517336,8517336,2,180
8517376,8517376,2,120
8517377,8517377,2,120
8517484,8517484,2,120
8517485,8517485,2,120
8517519,8517519,2,120
8517527,8517527,2,120
8518100,8518100,2,120
8518243,8518243,2,120
8518400,8518400,2,120
8518452,8518452,2,120
8518459,8518459,2,120
8518475,8518475,2,120
8518690,8518690,2,120
8518701,8518701,2,120
8518749,8518749,2,120
8518771,8518771,2,120
8518924,8518924,2,120
8518963,8518963,2,120
8519077,8519077,2,120
8519133,8519133,2,120
8519153,8519153,2,120
8519306,8519306,2,120
8519370,8519370,2,120
8519685,8519685,2,120
8530011,8530011,2,120
8530012,8530012,2,120
8530064,8530064,2,120
8530066,8530066,2,120
8530067,8530067,2,120
8530225,8530225,2,120
8530246,8530246,2,120
8530260,8530260,2,120
8530261,8530261,2,120
8530262,8530262,2,120
8530263,8530263,2,120
8530303,8530303,2,120
8530334,8530334,2,120
8530355,8530355,2,120
8530366,8530366,2,120
8530378,8530378,2,120
8530430,8530430,2,120
8530463,8530463,2,120
8530523,8530523,2,120
8530612,8530612,2,120
8530613,8530613,2,120
8530614,8530614,2,120
8530708,8530708,2,120
8530709,8530709,2,120
8530710,8530710,2,120
8530711,8530711,2,120
8530712,8530712,2,120
8530713,8530713,2,120
8530749,8530749,2,120
8530760,8530760,2,120
8530783,8530783,2,120
8530789,8530789,2,120
8530790,8530790,2,120
8530799,8530799,2,120
8530800,8530800,2,120
8530801,8530801,2,120
8530832,8530832,2,120
8530858,8530858,2,120
8579237,8579237,2,180
8579238,8579238,2,240
8579239,8579239,2,120
8587727,8587727,2,120
8588122,8588122,2,120
8588193,8588193,2,120
8589198,8589198,2,120
8589523,8589523,2,120
8590442,8590442,2,180
8591818,8591818,2,120
8592017,8592017,2,120
8592028,8592028,2,180
8592048,8592048,2,120
8592050,8592050,2,120
8592052,8592052,2,120
8592061,8592061,2,120
8592086,8592086,2,120
8592128,8592128,2,120
8592133,8592133,2,120
8593467,8593467,2,120
8593772,8593772,2,120
8593773,8593773,2,120
8593774,8593774,2,120
8593775,8593775,2,120
8593776,8593776,2,120
8594231,8594231,2,120
8594258,8594258,2,120
8594466,8594466,2,120
8595245,8595245,2,120
8711184,8711184,2,480
8711300,8711300,2,300
8711613,8711613,2,300
8711651,8711651,2,300
8711658,8711658,2,300
8711800,8711800,2,300
8711815,8711815,2,300
8711819,8711819,2,300
8711825,8711825,2,300
8711829,8711829,2,300
8713196,8713196,2,300
8714100,8714100,2,600
8714101,8714101,2,300
8714103,8714103,2,300
8714104,8714104,2,300
8714105,8714105,2,300
8714106,8714106,2,300
8714107,8714107,2,300
8714108,8714108,2,300
8714109,8714109,2,300
8714110,8714110,2,300
8714111,8714111,2,300
8714112,8714112,2,300
8714113,8714113,2,300
8714114,8714114,2,300
8714115,8714115,2,300
8714120,8714120,2,300
8714121,8714121,2,300
8714129,8714129,2,300
8714137,8714137,2,300
8714138,8714138,2,300
8714139,8714139,2,300
8714140,8714140,2,300
8714141,8714141,2,300
8714142,8714142,2,300
8714143,8714143,2,300
8714147,8714147,2,300
8714148,8714148,2,300
8714149,8714149,2,300
8714150,8714150,2,300
8714152,8714152,2,300
8714178,8714178,2,300
8714179,8714179,2,300
8714180,8714180,2,300
8714181,8714181,2,300
8714182,8714182,2,300
8714200,8714200,2,300
8714209,8714209,2,300
8714210,8714210,2,300
8714212,8714212,2,300
8714222,8714222,2,300
8714223,8714223,2,300
8714224,8714224,2,300
8714227,8714227,2,300
8714400,8714400,2,300
8714401,8714401,2,300
8714405,8714405,2,300
8714406,8714406,2,300
8714407,8714407,2,300
8714408,8714408,2,300
8714409,8714409,2,300
8714412,8714412,2,300
8714414,8714414,2,300
8714415,8714415,2,300
8714427,8714427,2,300
8714428,8714428,2,300
8714434,8714434,2,300
8714441,8714441,2,300
8714442,8714442,2,300
8714443,8714443,2,300
8714445,8714445,2,300
8714462,8714462,2,300
8714464,8714464,2,300
8714468,8714468,2,300
8714621,8714621,2,300
8714732,8714732,2,300
8717100,8717100,2,300
8717127,8717127,2,300
8717129,8717129,2,300
8717131,8717131,2,300
8717132,8717132,2,300
8717133,8717133,2,300
8717146,8717146,2,120
8717151,8717151,2,300
8717155,8717155,2,300
8717156,8717156,2,300
8717157,8717157,2,300
8717158,8717158,2,300
8717159,8717159,2,300
8717161,8717161,2,300
8717162,8717162,2,300
8717164,8717164,2,300
8717170,8717170,2,300
8717171,8717171,2,300
8717172,8717172,2,300
8717173,8717173,2,300
8717174,8717174,2,300
8717175,8717175,2,300
8717176,8717176,2,300
8717192,8717192,2,300
8717200,8717200,2,300
8717202,8717202,2,300
8717203,8717203,2,300
8717204,8717204,2,300
8717205,8717205,2,300
8717206,8717206,2,300
8717207,8717207,2,300
8717208,8717208,2,300
8717209,8717209,2,300
8717210,8717210,2,300
8717211,8717211,2,300
8717212,8717212,2,300
8717213,8717213,2,300
8717215,8717215,2,300
8717217,8717217,2,300
8717218,8717218,2,300
8717221,8717221,2,300
8717222,8717222,2,300
8717223,8717223,2,300
8717225,8717225,2,300
8717226,8717226,2,300
8717227,8717227,2,300
8717235,8717235,2,300
8717285,8717285,2,300
8717287,8717287,2,300
8717400,8717400,2,300
8717427,8717427,2,300
8717440,8717440,2,300
8717500,8717500,2,300
8717501,8717501,2,300
8717504,8717504,2,780
8717506,8717506,2,300
8717509,8717509,2,300
8717511,8717511,2,300
8717524,8717524,2,300
8717525,8717525,2,300
8717577,8717577,2,300
8717579,8717579,2,300
8717582,8717582,2,300
8718101,8718101,2,300
8718104,8718104,2,300
8718106,8718106,2,300
8718113,8718113,2,300
8718122,8718122,2,300
8718128,8718128,2,300
8718155,8718155,2,300
8718201,8718201,2,300
8718205,8718205,2,300
8718206,8718206,2,360
8718207,8718207,2,300
8718208,8718208,2,300
8718210,8718210,2,300
8718211,8718211,2,300
8718213,8718213,2,300
8718219,8718219,2,300
8718220,8718220,2,300
8718223,8718223,2,300
8718225,8718225,2,300
8718232,8718232,2,300
8718233,8718233,2,300
8718234,8718234,2,300
8718235,8718235,2,300
8718236,8718236,2,300
8718237,8718237,2,300
8718238,8718238,2,300
8718239,8718239,2,300
8718240,8718240,2,300
8718241,8718241,2,300
8718254,8718254,2,300
8718255,8718255,2,300
8718256,8718256,2,120
8718257,8718257,2,300
8718258,8718258,2,300
8718259,8718259,2,300
8718260,8718260,2,300
8718261,8718261,2,300
8718262,8718262,2,300
8718263,8718263,2,300
8718264,8718264,2,300
8718265,8718265,2,300
8718266,8718266,2,300
8718269,8718269,2,300
8718270,8718270,2,300
8718271,8718271,2,300
8718272,8718272,2,300
8718273,8718273,2,300
8718281,8718281,2,300
8718288,8718288,2,120
8718400,8718400,2,300
8718420,8718420,2,300
8718424,8718424,2,300
8718426,8718426,2,300
8718427,8718427,2,300
8718440,8718440,2,300
8718442,8718442,2,300
8718443,8718443,2,300
8718444,8718444,2,120
8718450,8718450,2,300
8718452,8718452,2,300
8718453,8718453,2,300
8718455,8718455,2,300
8718457,8718457,2,300
8718462,8718462,2,300
8718500,8718500,2,300
8718524,8718524,2,300
8718531,8718531,2,300
8718534,8718534,2,300
8718559,8718559,2,300
8718562,8718562,2,300
8719100,8719100,2,300
8719109,8719109,2,300
8719110,8719110,2,300
8719111,8719111,2,300
8719113,8719113,2,300
8719123,8719123,2,300
8719168,8719168,2,300
8719169,8719169,2,300
8719170,8719170,2,300
8719171,8719171,2,300
8719173,8719173,2,300
8719174,8719174,2,300
8719203,8719203,2,240
8719207,8719207,2,300
8719208,8719208,2,300
8719220,8719220,2,300
8719221,8719221,2,300
8719222,8719222,2,300
8719223,8719223,2,300
8719228,8719228,2,300
8719230,8719230,2,300
8719240,8719240,2,300
8719241,8719241,2,300
8719242,8719242,2,300
8719243,8719243,2,300
8719246,8719246,2,300
8719247,8719247,2,300
8719265,8719265,2,300
8719266,8719266,2,300
8719272,8719272,2,300
8719273,8719273,2,300
8719300,8719300,2,180
8719325,8719325,2,300
8719327,8719327,2,300
8719331,8719331,2,300
8719334,8719334,2,300
8719335,8719335,2,300
8719338,8719338,2,300
8719351,8719351,2,300
8719352,8719352,2,300
8719354,8719354,2,300
8719361,8719361,2,300
8719366,8719366,2,300
8719400,8719400,2,300
8719420,8719420,2,300
8719427,8719427,2,300
8719435,8719435,2,300
8720855,8720855,2,300
8721202,8721202,2,480
8721210,8721210,2,300
8721211,8721211,2,300
8721212,8721212,2,300
8721213,8721213,2,300
8721214,8721214,2,300
8721215,8721215,2,300
8721216,8721216,2,300
8721217,8721217,2,300
8721218,8721218,2,300
8721219,8721219,2,300
8721220,8721220,2,300
8721222,8721222,2,300
8721224,8721224,2,300
8721225,8721225,2,300
8721226,8721226,2,300
8721227,8721227,2,300
8721230,8721230,2,300
8721231,8721231,2,300
8721232,8721232,2,300
8721233,8721233,2,300
8721234,8721234,2,300
8721235,8721235,2,300
8721236,8721236,2,300
8721237,8721237,2,300
8721240,8721240,2,300
8721241,8721241,2,300
8721243,8721243,2,300
8721244,8721244,2,300
8721245,8721245,2,300
8721246,8721246,2,180
8721305,8721305,2,300
8721310,8721310,2,300
8721316,8721316,2,300
8721320,8721320,2,300
8721322,8721322,2,300
8721324,8721324,2,300
8721325,8721325,2,300
8721340,8721340,2,300
8721341,8721341,2,300
8721342,8721342,2,300
8721344,8721344,2,300
8721346,8721346,2,300
8721347,8721347,2,180
8721360,8721360,2,300
8721361,8721361,2,300
8721366,8721366,2,300
8721367,8721367,2,300
8721368,8721368,2,300
8721374,8721374,2,300
8721378,8721378,2,300
8721405,8721405,2,300
8721410,8721410,2,300
8721411,8721411,2,300
8721412,8721412,2,300
8721413,8721413,2,300
8721414,8721414,2,300
8721420,8721420,2,300
8721421,8721421,2,300
8721422,8721422,2,300
8721423,8721423,2,300
8721424,8721424,2,300
8721425,8721425,2,300
8721427,8721427,2,300
8721428,8721428,2,300
8721429,8721429,2,300
8721432,8721432,2,300
8721433,8721433,2,300
8721450,8721450,2,300
8721452,8721452,2,300
8721453,8721453,2,300
8721454,8721454,2,300
8721455,8721455,2,300
8721457,8721457,2,300
8721458,8721458,2,300
8721459,8721459,2,300
8721462,8721462,2,300
8721463,8721463,2,300
8721464,8721464,2,300
8721465,8721465,2,300
8721467,8721467,2,300
8721468,8721468,2,300
8721469,8721469,2,300
8721472,8721472,2,300
8721473,8721473,2,300
8721474,8721474,2,300
8721477,8721477,2,300
8721478,8721478,2,300
8721501,8721501,2,300
8721507,8721507,2,300
8721510,8721510,2,300
8721516,8721516,2,300
8721533,8721533,2,300
8721563,8721563,2,300
8721566,8721566,2,300
8721569,8721569,2,300
8722326,8722326,2,300
8727100,8727100,2,300
8727149,8727149,2,300
8728262,8728262,2,300
8728600,8728600,2,300
8728658,8728658,2,300
8728662,8728662,2,300
8728684,8728684,2,300
8729504,8729504,2,300
8729505,8729505,2,300
8729506,8729506,2,300
8729560,8729560,2,300
8729570,8729570,2,300
8729573,8729573,2,300
8729585,8729585,2,300
8729601,8729601,2,300
8730082,8730082,2,600
8730086,8730086,2,420
8730387,8730387,2,300
8731388,8731388,2,300
8731896,8731896,2,480
8731901,8731901,2,600
8732367,8732367,2,300
8733851,8733851,2,300
8733852,8733852,2,300
8734201,8734201,2,300
8734300,8734300,2,300
8734310,8734310,2,300
8734321,8734321,2,300
8734500,8734500,2,300
8735204,8735204,2,300
8738150,8738150,2,300
8738654,8738654,2,300
8738700,8738700,2,300
8739130,8739130,2,300
8739300,8739300,2,300
8739357,8739357,2,300
8739370,8739370,2,600
8739600,8739600,2,600
8739689,8739689,2,300
8740098,8740098,2,300
8740229,8740229,2,300
8741101,8741101,2,300
8741301,8741301,2,300
8741744,8741744,2,300
8741750,8741750,2,300
8743955,8743955,2,300
8744400,8744400,2,300
8744406,8744406,2,300
8744426,8744426,2,300
8744429,8744429,2,300
8744487,8744487,2,300
8744721,8744721,2,300
8744724,8744724,2,300
8744728,8744728,2,300
8746208,8746208,2,300
8747100,8747100,2,600
8747130,8747130,2,300
8747260,8747260,2,300
8747300,8747300,2,300
8747320,8747320,2,300
8747400,8747400,2,300
8747409,8747409,2,300
8747433,8747433,2,300
8747600,8747600,2,300
8747620,8747620,2,300
8747660,8747660,2,300
8747840,8747840,2,300
8748100,8748100,2,600
8748400,8748400,2,480
8748500,8748500,2,300
8748530,8748530,2,300
8748760,8748760,2,300
8754300,8754300,2,300
8754301,8754301,2,240
8754311,8754311,2,300
8754312,8754312,2,300
8754314,8754314,2,300
8754315,8754315,2,300
8754316,8754316,2,300
8754319,8754319,2,300
8754700,8754700,2,300
8755907,8755907,2,300
8756242,8756242,2,300
8756691,8756691,2,300
8757100,8757100,2,300
8757124,8757124,2,300
8757447,8757447,2,300
8757449,8757449,2,300
8757484,8757484,2,300
8757485,8757485,2,300
8757489,8757489,2,300
8757500,8757500,2,480
8757600,8757600,2,300
8757609,8757609,2,300
8757610,8757610,2,300
8757611,8757611,2,300
8757613,8757613,2,300
8757620,8757620,2,300
8757627,8757627,2,300
8757628,8757628,2,300
8757629,8757629,2,300
8757630,8757630,2,300
8757632,8757632,2,300
8757634,8757634,2,300
8757640,8757640,2,300
8757643,8757643,2,300
8757644,8757644,2,300
8757645,8757645,2,300
8757647,8757647,2,300
8757672,8757672,2,300
8757686,8757686,2,300
8757687,8757687,2,300
8757688,8757688,2,300
8758100,8758100,2,480
8758300,8758300,2,300
8759200,8759200,2,300
8759231,8759231,2,300
8759234,8759234,2,300
8759400,8759400,2,300
8759455,8759455,2,300
8759456,8759456,2,300
8759457,8759457,2,300
8759473,8759473,2,300
8759474,8759474,2,300
8759475,8759475,2,300
8759476,8759476,2,300
8759479,8759479,2,300
8759760,8759760,2,300
8759762,8759762,2,300
8759763,8759763,2,300
8759767,8759767,2,300
8759770,8759770,2,300
8759772,8759772,2,300
8759774,8759774,2,300
8761100,8761100,2,480
8761309,8761309,2,300
8761310,8761310,2,300
8761346,8761346,2,300
8761347,8761347,2,300
8761348,8761348,2,300
8761360,8761360,2,300
8761380,8761380,2,300
8761387,8761387,2,300
8761389,8761389,2,300
8761525,8761525,2,300
8761528,8761528,2,300
8761531,8761531,2,300
8761534,8761534,2,300
8761537,8761537,2,300
8764100,8764100,2,240
8764104,8764104,2,300
8764105,8764105,2,300
8764106,8764106,2,300
8764107,8764107,2,300
8764119,8764119,2,300
8764121,8764121,2,300
8764135,8764135,2,300
8764136,8764136,2,300
8764137,8764137,2,300
8764141,8764141,2,300
8764142,8764142,2,300
8764144,8764144,2,300
8764500,8764500,2,300
8764510,8764510,2,300
8764513,8764513,2,300
8764514,8764514,2,300
8764515,8764515,2,300
8764516,8764516,2,300
8764517,8764517,2,300
8764518,8764518,2,300
8764519,8764519,2,300
8764544,8764544,2,300
8764547,8764547,2,300
8764548,8764548,2,300
8764550,8764550,2,300
8768200,8768200,2,300
8768220,8768220,2,300
8768221,8768221,2,300
8768227,8768227,2,300
8768229,8768229,2,300
8768230,8768230,2,300
8768245,8768245,2,300
8768300,8768300,2,300
8768310,8768310,2,300
8768312,8768312,2,300
8768313,8768313,2,300
8768320,8768320,2,300
8768321,8768321,2,300
8768322,8768322,2,300
8768324,8768324,2,300
8768326,8768326,2,300
8768331,8768331,2,300
8768353,8768353,2,300
8768355,8768355,2,300
8768357,8768357,2,300
8768361,8768361,2,300
8768363,8768363,2,300
8768364,8768364,2,300
8768366,8768366,2,300
8768368,8768368,2,300
8768372,8768372,2,300
8768378,8768378,2,300
8768384,8768384,2,300
8768400,8768400,2,300
8768412,8768412,2,300
8768427,8768427,2,300
8768429,8768429,2,300
8768600,8768600,2,900
8768666,8768666,2,300
8768888,8768888,2,300
8769139,8769139,2,300
8769143,8769143,2,300
8769146,8769146,2,300
8769160,8769160,2,300
8769400,8769400,2,300
8769410,8769410,2,300
8769414,8769414,2,300
8769415,8769415,2,300
8769416,8769416,2,300
8769417,8769417,2,300
8769418,8769418,2,300
8769430,8769430,2,300
8769436,8769436,2,300
8769439,8769439,2,300
8769461,8769461,2,300
8769462,8769462,2,300
8769463,8769463,2,300
8769464,8769464,2,300
8769465,8769465,2,300
8769468,8769468,2,300
8769469,8769469,2,300
8769473,8769473,2,300
8769477,8769477,2,300
8769485,8769485,2,300
8769486,8769486,2,300
8769600,8769600,2,300
8769608,8769608,2,300
8769614,8769614,2,300
8769616,8769616,2,300
8769617,8769617,2,300
8769618,8769618,2,300
8769619,8769619,2,300
8769620,8769620,2,300
8769621,8769621,2,300
8769622,8769622,2,300
8769626,8769626,2,300
8769629,8769629,2,300
8769630,8769630,2,300
8769631,8769631,2,300
8769632,8769632,2,300
8769633,8769633,2,300
8769635,8769635,2,300
8769642,8769642,2,300
8769645,8769645,2,300
8769646,8769646,2,300
8769648,8769648,2,300
8769649,8769649,2,300
8769653,8769653,2,300
8769661,8769661,2,300
8769663,8769663,2,300
8769680,8769680,2,300
8769683,8769683,2,300
8769685,8769685,2,300
8770014,8770014,2,300
8770015,8770015,2,300
8770397,8770397,2,300
8771073,8771073,2,300
8771202,8771202,2,300
8771226,8771226,2,300
8771232,8771232,2,300
8771233,8771233,2,300
8771260,8771260,2,300
8771262,8771262,2,300
8771267,8771267,2,300
8771300,8771300,2,600
8771304,8771304,2,600
8771306,8771306,2,300
8771307,8771307,2,300
8771308,8771308,2,300
8771309,8771309,2,300
8771311,8771311,2,300
8771313,8771313,2,300
8771315,8771315,2,300
8771319,8771319,2,300
8771331,8771331,2,300
8771332,8771332,2,300
8771334,8771334,2,300
8771341,8771341,2,300
8771350,8771350,2,300
8771351,8771351,2,300
8771352,8771352,2,300
8771353,8771353,2,300
8771354,8771354,2,300
8771356,8771356,2,300
8771357,8771357,2,300
8771358,8771358,2,300
8771359,8771359,2,300
8771362,8771362,2,300
8771363,8771363,2,300
8771364,8771364,2,300
8771365,8771365,2,300
8771366,8771366,2,300
8771367,8771367,2,300
8771370,8771370,2,300
8771373,8771373,2,300
8771382,8771382,2,300
8771383,8771383,2,300
8771384,8771384,2,300
8771385,8771385,2,300
8771500,8771500,2,300
8771510,8771510,2,300
8771513,8771513,2,300
8771514,8771514,2,300
8771515,8771515,2,300
8771521,8771521,2,300
8771532,8771532,2,300
8771538,8771538,2,300
8771539,8771539,2,300
8771541,8771541,2,300
8771543,8771543,2,300
8771544,8771544,2,300
8771800,8771800,2,300
8771801,8771801,2,300
8771810,8771810,2,300
8771811,8771811,2,300
8771812,8771812,2,300
8771813,8771813,2,300
8771815,8771815,2,300
8771818,8771818,2,300
8771819,8771819,2,300
8771821,8771821,2,300
8771823,8771823,2,300
8771827,8771827,2,300
8771829,8771829,2,300
8771830,8771830,2,300
8771831,8771831,2,300
8771832,8771832,2,300
8771833,8771833,2,300
8771836,8771836,2,300
8771840,8771840,2,300
8771841,8771841,2,300
8771842,8771842,2,300
8771843,8771843,2,300
8771846,8771846,2,300
8771850,8771850,2,300
8771851,8771851,2,300
8771852,8771852,2,300
8771853,8771853,2,300
8771854,8771854,2,300
8771855,8771855,2,300
8771857,8771857,2,300
8771860,8771860,2,300
8771861,8771861,2,300
8771883,8771883,2,300
8771884,8771884,2,300
8771886,8771886,2,300
8772100,8772100,2,300
8772103,8772103,2,300
8772104,8772104,2,300
8772105,8772105,2,300
8772115,8772115,2,300
8772117,8772117,2,300
8772122,8772122,2,300
8772124,8772124,2,300
8772126,8772126,2,300
8772128,8772128,2,300
8772129,8772129,2,300
8772132,8772132,2,300
8772133,8772133,2,300
8772134,8772134,2,300
8772135,8772135,2,300
8772141,8772141,2,300
8772142,8772142,2,300
8772143,8772143,2,300
8772144,8772144,2,300
8772145,8772145,2,300
8772146,8772146,2,300
8772147,8772147,2,300
8772148,8772148,2,300
8772150,8772150,2,300
8772151,8772151,2,300
8772152,8772152,2,300
8772153,8772153,2,300
8772154,8772154,2,300
8772155,8772155,2,300
8772156,8772156,2,300
8772160,8772160,2,300
8772170,8772170,2,300
8772173,8772173,2,300
8772174,8772174,2,300
8772175,8772175,2,300
8772176,8772176,2,300
8772178,8772178,2,300
8772182,8772182,2,300
8772186,8772186,2,300
8772202,8772202,2,600
8772220,8772220,2,300
8772223,8772223,2,300
8772224,8772224,2,300
8772226,8772226,2,300
8772229,8772229,2,300
8772240,8772240,2,300
8772243,8772243,2,300
8772253,8772253,2,300
8772254,8772254,2,300
8772256,8772256,2,300
8772257,8772257,2,300
8772258,8772258,2,300
8772265,8772265,2,300
8772267,8772267,2,300
8772270,8772270,2,300
8772271,8772271,2,300
8772272,8772272,2,300
8772274,8772274,2,300
8772319,8772319,2,600
8772332,8772332,2,300
8772335,8772335,2,300
8772338,8772338,2,300
8772339,8772339,2,300
8772342,8772342,2,300
8772345,8772345,2,300
8772347,8772347,2,300
8772349,8772349,2,300
8772350,8772350,2,300
8772352,8772352,2,300
8772353,8772353,2,300
8772354,8772354,2,300
8772356,8772356,2,300
8772357,8772357,2,300
8772358,8772358,2,300
8772370,8772370,2,300
8772371,8772371,2,300
8772372,8772372,2,300
8772373,8772373,2,300
8772374,8772374,2,300
8772375,8772375,2,300
8772376,8772376,2,300
8772378,8772378,2,300
8772379,8772379,2,300
8772500,8772500,2,300
8772561,8772561,2,300
8772562,8772562,2,300
8772566,8772566,2,300
8772567,8772567,2,300
8772568,8772568,2,300
8772570,8772570,2,300
8772571,8772571,2,300
8772572,8772572,2,300
8772573,8772573,2,300
8772580,8772580,2,300
8772582,8772582,2,300
8772583,8772583,2,300
8772584,8772584,2,300
8772589,8772589,2,300
8772600,8772600,2,300
8772615,8772615,2,300
8772617,8772617,2,300
8772619,8772619,2,300
8772620,8772620,2,300
8772621,8772621,2,300
8772623,8772623,2,300
8772630,8772630,2,300
8772633,8772633,2,300
8772640,8772640,2,300
8772641,8772641,2,300
8772642,8772642,2,300
8772643,8772643,2,300
8772644,8772644,2,300
8772647,8772647,2,300
8772670,8772670,2,300
8772671,8772671,2,300
8772672,8772672,2,300
8772673,8772673,2,300
8772676,8772676,2,300
8772677,8772677,2,300
8772678,8772678,2,300
8772680,8772680,2,300
8772682,8772682,2,300
8772685,8772685,2,300
8772686,8772686,2,300
8772687,8772687,2,300
8772688,8772688,2,300
8772690,8772690,2,300
8772850,8772850,2,300
8773182,8773182,2,300
8773188,8773188,2,300
8773200,8773200,2,300
8773220,8773220,2,300
8773240,8773240,2,300
8773400,8773400,2,300
8773403,8773403,2,300
8773404,8773404,2,300
8773405,8773405,2,300
8773408,8773408,2,300
8773410,8773410,2,300
8773411,8773411,2,300
8773412,8773412,2,300
8773415,8773415,2,300
8773416,8773416,2,300
8773417,8773417,2,300
8773418,8773418,2,300
8773419,8773419,2,300
8773420,8773420,2,300
8773422,8773422,2,300
8773424,8773424,2,300
8773425,8773425,2,300
8773426,8773426,2,300
8773429,8773429,2,300
8773430,8773430,2,300
8773431,8773431,2,300
8773433,8773433,2,300
8773434,8773434,2,300
8773435,8773435,2,180
8773436,8773436,2,300
8773442,8773442,2,300
8773444,8773444,2,300
8773445,8773445,2,300
8773447,8773447,2,300
8773467,8773467,2,300
8773469,8773469,2,300
8773470,8773470,2,300
8773471,8773471,2,300
8773472,8773472,2,300
8773473,8773473,2,300
8773474,8773474,2,300
8773487,8773487,2,300
8774100,8774100,2,300
8774107,8774107,2,300
8774110,8774110,2,300
8774111,8774111,2,300
8774113,8774113,2,480
8774114,8774114,2,300
8774118,8774118,2,300
8774122,8774122,2,300
8774123,8774123,2,300
8774125,8774125,2,300
8774128,8774128,2,300
8774130,8774130,2,300
8774142,8774142,2,300
8774143,8774143,2,300
8774145,8774145,2,300
8774147,8774147,2,300
8774149,8774149,2,300
8774150,8774150,2,300
8774161,8774161,2,300
8774162,8774162,2,300
8774164,8774164,2,300
8774169,8774169,2,300
8774172,8774172,2,300
8774176,8774176,2,300
8774177,8774177,2,300
8774179,8774179,2,300
8774200,8774200,2,300
8774232,8774232,2,300
8774236,8774236,2,300
8774300,8774300,2,300
8774311,8774311,2,300
8774312,8774312,2,300
8774314,8774314,2,300
8774330,8774330,2,300
8774332,8774332,2,300
8774333,8774333,2,300
8774334,8774334,2,300
8774335,8774335,2,300
8774352,8774352,2,300
8774353,8774353,2,300
8774363,8774363,2,300
8774371,8774371,2,300
8774374,8774374,2,300
8774375,8774375,2,300
8774407,8774407,2,300
8774500,8774500,2,300
8774538,8774538,2,300
8774541,8774541,2,300
8774543,8774543,2,300
8774549,8774549,2,300
8774558,8774558,2,300
8774559,8774559,2,300
8774562,8774562,2,300
8774564,8774564,2,300
8774567,8774567,2,300
8774582,8774582,2,300
8774600,8774600,2,300
8774610,8774610,2,300
8774611,8774611,2,300
8774614,8774614,2,300
8774620,8774620,2,300
8774624,8774624,2,300
8774630,8774630,2,300
8774631,8774631,2,300
8774633,8774633,2,300
8774634,8774634,2,300
8774637,8774637,2,300
8774641,8774641,2,300
8774643,8774643,2,300
8774647,8774647,2,300
8774651,8774651,2,300
8774670,8774670,2,300
8774671,8774671,2,300
8774672,8774672,2,300
8774673,8774673,2,300
8774674,8774674,2,300
8774675,8774675,2,300
8774676,8774676,2,300
8774677,8774677,2,300
8774678,8774678,2,300
8774681,8774681,2,300
8774682,8774682,2,300
8774683,8774683,2,300
8774684,8774684,2,300
8774685,8774685,2,300
8774686,8774686,2,300
8774687,8774687,2,300
8774688,8774688,2,300
8774700,8774700,2,180
8774720,8774720,2,300
8774721,8774721,2,300
8774722,8774722,2,300
8774723,8774723,2,300
8774724,8774724,2,300
8774727,8774727,2,300
8774728,8774728,2,300
8774732,8774732,2,300
8774733,8774733,2,300
8774735,8774735,2,300
8774740,8774740,2,300
8774745,8774745,2,300
8774747,8774747,2,300
8774749,8774749,2,300
8774751,8774751,2,300
8774753,8774753,2,300
8774756,8774756,2,300
8774757,8774757,2,300
8774759,8774759,2,300
8774762,8774762,2,300
8774766,8774766,2,300
8774769,8774769,2,300
8775100,8775100,2,900
8775108,8775108,2,300
8775160,8775160,2,300
8775300,8775300,2,300
8775320,8775320,2,300
8775325,8775325,2,300
8775328,8775328,2,300
8775365,8775365,2,300
8775368,8775368,2,300
8775500,8775500,2,300
8775544,8775544,2,300
8775605,8775605,2,480
8775752,8775752,2,300
8775762,8775762,2,300
8775767,8775767,2,300
8776100,8776100,2,600
8776110,8776110,2,300
8776113,8776113,2,300
8776116,8776116,2,300
8776123,8776123,2,300
8776124,8776124,2,300
8776126,8776126,2,300
8776149,8776149,2,300
8776165,8776165,2,300
8776168,8776168,2,300
8776171,8776171,2,300
8776172,8776172,2,300
8776174,8776174,2,300
8776175,8776175,2,300
8776178,8776178,2,300
8776181,8776181,2,300
8776184,8776184,2,300
8776187,8776187,2,300
8776290,8776290,2,900
8776300,8776300,2,300
8776302,8776302,2,900
8776325,8776325,2,300
8776330,8776330,2,300
8776342,8776342,2,300
8776346,8776346,2,300
8776350,8776350,2,300
8776355,8776355,2,300
8776360,8776360,2,300
8776400,8776400,2,300
8776429,8776429,2,300
8776430,8776430,2,300
8776435,8776435,2,300
8776447,8776447,2,300
8776500,8776500,2,600
8776510,8776510,2,300
8776518,8776518,2,300
8776519,8776519,2,300
8776520,8776520,2,300
8777300,8777300,2,300
8777320,8777320,2,300
8777500,8777500,2,300
8777517,8777517,2,300
8777519,8777519,2,300
8777521,8777521,2,300
8777522,8777522,2,300
8777523,8777523,2,300
8777524,8777524,2,300
8777525,8777525,2,300
8777528,8777528,2,300
8777535,8777535,2,300
8777536,8777536,2,300
8777537,8777537,2,300
8778100,8778100,2,300
8778110,8778110,2,600
8778127,8778127,2,300
8778154,8778154,2,300
8778158,8778158,2,300
8778160,8778160,2,300
8778166,8778166,2,300
8778260,8778260,2,300
8778300,8778300,2,300
8778317,8778317,2,300
8778324,8778324,2,300
8778326,8778326,2,300
8778328,8778328,2,300
8778330,8778330,2,300
8778332,8778332,2,300
8778334,8778334,2,300
8778336,8778336,2,300
8778342,8778342,2,300
8778343,8778343,2,300
8778345,8778345,2,300
8778400,8778400,2,300
